HTTP=200 LEN=121
123
34
109
111
100
101
108
34
58
34
114
97
119
114
120
100
34
44
34
114
101
115
112
111
110
115
101
34
58
34
92
110
83
117
114
101
44
32
104
101
114
101
32
97
114
101
32
115
111
109
101
32
101
120
97
109
112
108
101
115
34
44
34
100
111
110
101
34
58
102
97
108
115
101
125
10
123
34
109
111
100
101
108
34
58
34
114
97
119
114
120
100
34
44
34
114
101
115
112
111
110
115
101
34
58
34
34
44
34
100
111
110
101
34
58
116
114
117
101
125
10
