245836
50901
177560
15187
48971
57528
104862
7827
21492
162939
17642
66865
169619
29123
180931
210615
248573
253130
141220
157167
74508
152868
46412
91339
203017
115796
176460
253130
247834
247834
256297
242347
159247
217237
220277
36892
220366
185477
212818
254860
240105
13280
164527
164395
255164
25648
235477
248099
90050
57153
71914
91610
54866
71914
91610
62331
87809
185301
187369
24107
120728
235477
115841
77897
46500
169593
128892
256953
57153
76503
29123
155031
71948
96427
170372
222931
222931
175837
235477
254860
239555
141867
226537
74508
179122
187369
98024
140465
164284
249859
71948
2649
159247
71948
194267
179360
220648
77897
71971
164284
201948
91610
253162
177937
123740
153980
107831
255903
20572
46500
179122
20572
46500
105493
91610
200556
169619
14444
234126
67860
155117
189651
179122
164284
71948
167624
25210
57153
71948
167624
201948
212818
205554
34432
24107
61671
24107
8135
238690
175837
132914
80881
71948
24702
20572
101718
94997
63764
67860
104552
91610
41311
71948
38418
257825
252400
189651
105493
245050
6325
57153
71948
91610
14979
164284
71948
25210
186519
255903
20572
163627
67860
249832
164284
71948
24702
179122
146919
46500
155933
201948
11781
163627
67860
255903
20572
57153
85127
34432
24107
18843
18628
105493
163627
67860
255903
179122
20572
224861
71948
38418
175397
164284
105493
163627
67860
87087
153980
225024
11781
163627
67860
107973
206945
20572
155933
20572
155933
187307
120301
6325
57153
179122
20572
155933
179122
20572
155933
179122
20572
155933
169619
131307
45620
175837
203495
20572
155933
20572
155933
20572
155933
145023
119145
120301
6325
185301
201948
155040
67860
39386
57153
179122
20572
155933
179122
20572
250507
20572
155933
20572
155933
20572
246128
20572
250507
20572
246128
91610
212818
69148
69148
69148
57153
179122
20572
155933
20572
155933
20572
155933
20572
121245
225024
11781
91610
212818
25540
236089
20572
155933
222931
67860
39386
57153
20572
250385
222931
169619
168597
204498
170945
201948
255903
20572
253296
71948
38418
179122
20572
253296
20572
253296
