Alignment: 32
Tensor Data Start: 738400

Index | Name                                | Type | NDims | Shape           | Offset       | Absolute     | ByteSize
-------------------------------------------------------------------------------------------------------------------
0     | output.weight                       | 14   | 2     | 3072x32064      | 0            | 738400       | 80801280
1     | output_norm.weight                  | 0    | 1     | 3072            | 80801280     | 81539680     | 12288
2     | rope_factors_long.weight            | 0    | 1     | 48              | 80813568     | 81551968     | 192
3     | rope_factors_short.weight           | 0    | 1     | 48              | 80813760     | 81552160     | 192
4     | token_embd.weight                   | 10   | 2     | 3072x32064      | 80813952     | 81552352     | 32320512
5     | blk.0.attn_norm.weight              | 0    | 1     | 3072            | 113134464    | 113872864    | 12288
6     | blk.0.attn_output.weight            | 11   | 2     | 3072x3072       | 113146752    | 113885152    | 4055040
7     | blk.0.attn_qkv.weight               | 11   | 2     | 3072x9216       | 117201792    | 117940192    | 12165120
8     | blk.0.ffn_down.weight               | 11   | 2     | 8192x3072       | 129366912    | 130105312    | 10813440
9     | blk.0.ffn_norm.weight               | 0    | 1     | 3072            | 140180352    | 140918752    | 12288
10    | blk.0.ffn_up.weight                 | 10   | 2     | 3072x16384      | 140192640    | 140931040    | 16515072
11    | blk.1.attn_norm.weight              | 0    | 1     | 3072            | 156707712    | 157446112    | 12288
12    | blk.1.attn_output.weight            | 11   | 2     | 3072x3072       | 156720000    | 157458400    | 4055040
13    | blk.1.attn_qkv.weight               | 11   | 2     | 3072x9216       | 160775040    | 161513440    | 12165120
14    | blk.1.ffn_down.weight               | 11   | 2     | 8192x3072       | 172940160    | 173678560    | 10813440
15    | blk.1.ffn_norm.weight               | 0    | 1     | 3072            | 183753600    | 184492000    | 12288
16    | blk.1.ffn_up.weight                 | 10   | 2     | 3072x16384      | 183765888    | 184504288    | 16515072
17    | blk.2.attn_norm.weight              | 0    | 1     | 3072            | 200280960    | 201019360    | 12288
18    | blk.2.attn_output.weight            | 11   | 2     | 3072x3072       | 200293248    | 201031648    | 4055040
19    | blk.2.attn_qkv.weight               | 11   | 2     | 3072x9216       | 204348288    | 205086688    | 12165120
20    | blk.2.ffn_down.weight               | 11   | 2     | 8192x3072       | 216513408    | 217251808    | 10813440
21    | blk.2.ffn_norm.weight               | 0    | 1     | 3072            | 227326848    | 228065248    | 12288
22    | blk.2.ffn_up.weight                 | 10   | 2     | 3072x16384      | 227339136    | 228077536    | 16515072
23    | blk.3.attn_norm.weight              | 0    | 1     | 3072            | 243854208    | 244592608    | 12288
24    | blk.3.attn_output.weight            | 11   | 2     | 3072x3072       | 243866496    | 244604896    | 4055040
25    | blk.3.attn_qkv.weight               | 11   | 2     | 3072x9216       | 247921536    | 248659936    | 12165120
26    | blk.3.ffn_down.weight               | 11   | 2     | 8192x3072       | 260086656    | 260825056    | 10813440
27    | blk.3.ffn_norm.weight               | 0    | 1     | 3072            | 270900096    | 271638496    | 12288
28    | blk.3.ffn_up.weight                 | 10   | 2     | 3072x16384      | 270912384    | 271650784    | 16515072
29    | blk.4.attn_norm.weight              | 0    | 1     | 3072            | 287427456    | 288165856    | 12288
30    | blk.4.attn_output.weight            | 11   | 2     | 3072x3072       | 287439744    | 288178144    | 4055040
31    | blk.4.attn_qkv.weight               | 11   | 2     | 3072x9216       | 291494784    | 292233184    | 12165120
32    | blk.4.ffn_down.weight               | 11   | 2     | 8192x3072       | 303659904    | 304398304    | 10813440
33    | blk.4.ffn_norm.weight               | 0    | 1     | 3072            | 314473344    | 315211744    | 12288
34    | blk.4.ffn_up.weight                 | 10   | 2     | 3072x16384      | 314485632    | 315224032    | 16515072
35    | blk.5.attn_norm.weight              | 0    | 1     | 3072            | 331000704    | 331739104    | 12288
36    | blk.5.attn_output.weight            | 11   | 2     | 3072x3072       | 331012992    | 331751392    | 4055040
37    | blk.5.attn_qkv.weight               | 11   | 2     | 3072x9216       | 335068032    | 335806432    | 12165120
38    | blk.5.ffn_down.weight               | 11   | 2     | 8192x3072       | 347233152    | 347971552    | 10813440
39    | blk.5.ffn_norm.weight               | 0    | 1     | 3072            | 358046592    | 358784992    | 12288
40    | blk.5.ffn_up.weight                 | 10   | 2     | 3072x16384      | 358058880    | 358797280    | 16515072
41    | blk.6.attn_norm.weight              | 0    | 1     | 3072            | 374573952    | 375312352    | 12288
42    | blk.6.attn_output.weight            | 11   | 2     | 3072x3072       | 374586240    | 375324640    | 4055040
43    | blk.6.attn_qkv.weight               | 11   | 2     | 3072x9216       | 378641280    | 379379680    | 12165120
44    | blk.6.ffn_down.weight               | 11   | 2     | 8192x3072       | 390806400    | 391544800    | 10813440
45    | blk.6.ffn_norm.weight               | 0    | 1     | 3072            | 401619840    | 402358240    | 12288
46    | blk.6.ffn_up.weight                 | 10   | 2     | 3072x16384      | 401632128    | 402370528    | 16515072
47    | blk.7.attn_norm.weight              | 0    | 1     | 3072            | 418147200    | 418885600    | 12288
48    | blk.7.attn_output.weight            | 11   | 2     | 3072x3072       | 418159488    | 418897888    | 4055040
49    | blk.7.attn_qkv.weight               | 11   | 2     | 3072x9216       | 422214528    | 422952928    | 12165120
50    | blk.7.ffn_down.weight               | 11   | 2     | 8192x3072       | 434379648    | 435118048    | 10813440
51    | blk.7.ffn_norm.weight               | 0    | 1     | 3072            | 445193088    | 445931488    | 12288
52    | blk.7.ffn_up.weight                 | 10   | 2     | 3072x16384      | 445205376    | 445943776    | 16515072
53    | blk.8.attn_norm.weight              | 0    | 1     | 3072            | 461720448    | 462458848    | 12288
54    | blk.8.attn_output.weight            | 11   | 2     | 3072x3072       | 461732736    | 462471136    | 4055040
55    | blk.8.attn_qkv.weight               | 11   | 2     | 3072x9216       | 465787776    | 466526176    | 12165120
56    | blk.8.ffn_down.weight               | 11   | 2     | 8192x3072       | 477952896    | 478691296    | 10813440
57    | blk.8.ffn_norm.weight               | 0    | 1     | 3072            | 488766336    | 489504736    | 12288
58    | blk.8.ffn_up.weight                 | 10   | 2     | 3072x16384      | 488778624    | 489517024    | 16515072
59    | blk.9.attn_norm.weight              | 0    | 1     | 3072            | 505293696    | 506032096    | 12288
60    | blk.9.attn_output.weight            | 11   | 2     | 3072x3072       | 505305984    | 506044384    | 4055040
61    | blk.9.attn_qkv.weight               | 11   | 2     | 3072x9216       | 509361024    | 510099424    | 12165120
62    | blk.9.ffn_down.weight               | 11   | 2     | 8192x3072       | 521526144    | 522264544    | 10813440
63    | blk.9.ffn_norm.weight               | 0    | 1     | 3072            | 532339584    | 533077984    | 12288
64    | blk.9.ffn_up.weight                 | 10   | 2     | 3072x16384      | 532351872    | 533090272    | 16515072
65    | blk.10.attn_norm.weight             | 0    | 1     | 3072            | 548866944    | 549605344    | 12288
66    | blk.10.attn_output.weight           | 11   | 2     | 3072x3072       | 548879232    | 549617632    | 4055040
67    | blk.10.attn_qkv.weight              | 11   | 2     | 3072x9216       | 552934272    | 553672672    | 12165120
68    | blk.10.ffn_down.weight              | 11   | 2     | 8192x3072       | 565099392    | 565837792    | 10813440
69    | blk.10.ffn_norm.weight              | 0    | 1     | 3072            | 575912832    | 576651232    | 12288
70    | blk.10.ffn_up.weight                | 10   | 2     | 3072x16384      | 575925120    | 576663520    | 16515072
71    | blk.11.attn_norm.weight             | 0    | 1     | 3072            | 592440192    | 593178592    | 12288
72    | blk.11.attn_output.weight           | 11   | 2     | 3072x3072       | 592452480    | 593190880    | 4055040
73    | blk.11.attn_qkv.weight              | 11   | 2     | 3072x9216       | 596507520    | 597245920    | 12165120
74    | blk.11.ffn_down.weight              | 11   | 2     | 8192x3072       | 608672640    | 609411040    | 10813440
75    | blk.11.ffn_norm.weight              | 0    | 1     | 3072            | 619486080    | 620224480    | 12288
76    | blk.11.ffn_up.weight                | 10   | 2     | 3072x16384      | 619498368    | 620236768    | 16515072
77    | blk.12.attn_norm.weight             | 0    | 1     | 3072            | 636013440    | 636751840    | 12288
78    | blk.12.attn_output.weight           | 11   | 2     | 3072x3072       | 636025728    | 636764128    | 4055040
79    | blk.12.attn_qkv.weight              | 11   | 2     | 3072x9216       | 640080768    | 640819168    | 12165120
80    | blk.12.ffn_down.weight              | 11   | 2     | 8192x3072       | 652245888    | 652984288    | 10813440
81    | blk.12.ffn_norm.weight              | 0    | 1     | 3072            | 663059328    | 663797728    | 12288
82    | blk.12.ffn_up.weight                | 10   | 2     | 3072x16384      | 663071616    | 663810016    | 16515072
83    | blk.13.attn_norm.weight             | 0    | 1     | 3072            | 679586688    | 680325088    | 12288
84    | blk.13.attn_output.weight           | 11   | 2     | 3072x3072       | 679598976    | 680337376    | 4055040
85    | blk.13.attn_qkv.weight              | 11   | 2     | 3072x9216       | 683654016    | 684392416    | 12165120
86    | blk.13.ffn_down.weight              | 11   | 2     | 8192x3072       | 695819136    | 696557536    | 10813440
87    | blk.13.ffn_norm.weight              | 0    | 1     | 3072            | 706632576    | 707370976    | 12288
88    | blk.13.ffn_up.weight                | 10   | 2     | 3072x16384      | 706644864    | 707383264    | 16515072
89    | blk.14.attn_norm.weight             | 0    | 1     | 3072            | 723159936    | 723898336    | 12288
90    | blk.14.attn_output.weight           | 11   | 2     | 3072x3072       | 723172224    | 723910624    | 4055040
91    | blk.14.attn_qkv.weight              | 11   | 2     | 3072x9216       | 727227264    | 727965664    | 12165120
92    | blk.14.ffn_down.weight              | 11   | 2     | 8192x3072       | 739392384    | 740130784    | 10813440
93    | blk.14.ffn_norm.weight              | 0    | 1     | 3072            | 750205824    | 750944224    | 12288
94    | blk.14.ffn_up.weight                | 10   | 2     | 3072x16384      | 750218112    | 750956512    | 16515072
95    | blk.15.attn_norm.weight             | 0    | 1     | 3072            | 766733184    | 767471584    | 12288
96    | blk.15.attn_output.weight           | 11   | 2     | 3072x3072       | 766745472    | 767483872    | 4055040
97    | blk.15.attn_qkv.weight              | 11   | 2     | 3072x9216       | 770800512    | 771538912    | 12165120
98    | blk.15.ffn_down.weight              | 11   | 2     | 8192x3072       | 782965632    | 783704032    | 10813440
99    | blk.15.ffn_norm.weight              | 0    | 1     | 3072            | 793779072    | 794517472    | 12288
100   | blk.15.ffn_up.weight                | 10   | 2     | 3072x16384      | 793791360    | 794529760    | 16515072
101   | blk.16.attn_norm.weight             | 0    | 1     | 3072            | 810306432    | 811044832    | 12288
102   | blk.16.attn_output.weight           | 11   | 2     | 3072x3072       | 810318720    | 811057120    | 4055040
103   | blk.16.attn_qkv.weight              | 11   | 2     | 3072x9216       | 814373760    | 815112160    | 12165120
104   | blk.16.ffn_down.weight              | 11   | 2     | 8192x3072       | 826538880    | 827277280    | 10813440
105   | blk.16.ffn_norm.weight              | 0    | 1     | 3072            | 837352320    | 838090720    | 12288
106   | blk.16.ffn_up.weight                | 10   | 2     | 3072x16384      | 837364608    | 838103008    | 16515072
107   | blk.17.attn_norm.weight             | 0    | 1     | 3072            | 853879680    | 854618080    | 12288
108   | blk.17.attn_output.weight           | 11   | 2     | 3072x3072       | 853891968    | 854630368    | 4055040
109   | blk.17.attn_qkv.weight              | 11   | 2     | 3072x9216       | 857947008    | 858685408    | 12165120
110   | blk.17.ffn_down.weight              | 11   | 2     | 8192x3072       | 870112128    | 870850528    | 10813440
111   | blk.17.ffn_norm.weight              | 0    | 1     | 3072            | 880925568    | 881663968    | 12288
112   | blk.17.ffn_up.weight                | 10   | 2     | 3072x16384      | 880937856    | 881676256    | 16515072
113   | blk.18.attn_norm.weight             | 0    | 1     | 3072            | 897452928    | 898191328    | 12288
114   | blk.18.attn_output.weight           | 11   | 2     | 3072x3072       | 897465216    | 898203616    | 4055040
115   | blk.18.attn_qkv.weight              | 11   | 2     | 3072x9216       | 901520256    | 902258656    | 12165120
116   | blk.18.ffn_down.weight              | 11   | 2     | 8192x3072       | 913685376    | 914423776    | 10813440
117   | blk.18.ffn_norm.weight              | 0    | 1     | 3072            | 924498816    | 925237216    | 12288
118   | blk.18.ffn_up.weight                | 10   | 2     | 3072x16384      | 924511104    | 925249504    | 16515072
119   | blk.19.attn_norm.weight             | 0    | 1     | 3072            | 941026176    | 941764576    | 12288
120   | blk.19.attn_output.weight           | 11   | 2     | 3072x3072       | 941038464    | 941776864    | 4055040
121   | blk.19.attn_qkv.weight              | 11   | 2     | 3072x9216       | 945093504    | 945831904    | 12165120
122   | blk.19.ffn_down.weight              | 11   | 2     | 8192x3072       | 957258624    | 957997024    | 10813440
123   | blk.19.ffn_norm.weight              | 0    | 1     | 3072            | 968072064    | 968810464    | 12288
124   | blk.19.ffn_up.weight                | 10   | 2     | 3072x16384      | 968084352    | 968822752    | 16515072
125   | blk.20.attn_norm.weight             | 0    | 1     | 3072            | 984599424    | 985337824    | 12288
126   | blk.20.attn_output.weight           | 11   | 2     | 3072x3072       | 984611712    | 985350112    | 4055040
127   | blk.20.attn_qkv.weight              | 11   | 2     | 3072x9216       | 988666752    | 989405152    | 12165120
128   | blk.20.ffn_down.weight              | 11   | 2     | 8192x3072       | 1000831872   | 1001570272   | 10813440
129   | blk.20.ffn_norm.weight              | 0    | 1     | 3072            | 1011645312   | 1012383712   | 12288
130   | blk.20.ffn_up.weight                | 10   | 2     | 3072x16384      | 1011657600   | 1012396000   | 16515072
131   | blk.21.attn_norm.weight             | 0    | 1     | 3072            | 1028172672   | 1028911072   | 12288
132   | blk.21.attn_output.weight           | 11   | 2     | 3072x3072       | 1028184960   | 1028923360   | 4055040
133   | blk.21.attn_qkv.weight              | 11   | 2     | 3072x9216       | 1032240000   | 1032978400   | 12165120
134   | blk.21.ffn_down.weight              | 11   | 2     | 8192x3072       | 1044405120   | 1045143520   | 10813440
135   | blk.21.ffn_norm.weight              | 0    | 1     | 3072            | 1055218560   | 1055956960   | 12288
136   | blk.21.ffn_up.weight                | 10   | 2     | 3072x16384      | 1055230848   | 1055969248   | 16515072
137   | blk.22.attn_norm.weight             | 0    | 1     | 3072            | 1071745920   | 1072484320   | 12288
138   | blk.22.attn_output.weight           | 11   | 2     | 3072x3072       | 1071758208   | 1072496608   | 4055040
139   | blk.22.attn_qkv.weight              | 11   | 2     | 3072x9216       | 1075813248   | 1076551648   | 12165120
140   | blk.22.ffn_down.weight              | 11   | 2     | 8192x3072       | 1087978368   | 1088716768   | 10813440
141   | blk.22.ffn_norm.weight              | 0    | 1     | 3072            | 1098791808   | 1099530208   | 12288
142   | blk.22.ffn_up.weight                | 10   | 2     | 3072x16384      | 1098804096   | 1099542496   | 16515072
143   | blk.23.attn_norm.weight             | 0    | 1     | 3072            | 1115319168   | 1116057568   | 12288
144   | blk.23.attn_output.weight           | 11   | 2     | 3072x3072       | 1115331456   | 1116069856   | 4055040
145   | blk.23.attn_qkv.weight              | 11   | 2     | 3072x9216       | 1119386496   | 1120124896   | 12165120
146   | blk.23.ffn_down.weight              | 11   | 2     | 8192x3072       | 1131551616   | 1132290016   | 10813440
147   | blk.23.ffn_norm.weight              | 0    | 1     | 3072            | 1142365056   | 1143103456   | 12288
148   | blk.23.ffn_up.weight                | 10   | 2     | 3072x16384      | 1142377344   | 1143115744   | 16515072
149   | blk.24.attn_norm.weight             | 0    | 1     | 3072            | 1158892416   | 1159630816   | 12288
150   | blk.24.attn_output.weight           | 11   | 2     | 3072x3072       | 1158904704   | 1159643104   | 4055040
151   | blk.24.attn_qkv.weight              | 11   | 2     | 3072x9216       | 1162959744   | 1163698144   | 12165120
152   | blk.24.ffn_down.weight              | 11   | 2     | 8192x3072       | 1175124864   | 1175863264   | 10813440
153   | blk.24.ffn_norm.weight              | 0    | 1     | 3072            | 1185938304   | 1186676704   | 12288
154   | blk.24.ffn_up.weight                | 10   | 2     | 3072x16384      | 1185950592   | 1186688992   | 16515072
155   | blk.25.attn_norm.weight             | 0    | 1     | 3072            | 1202465664   | 1203204064   | 12288
156   | blk.25.attn_output.weight           | 11   | 2     | 3072x3072       | 1202477952   | 1203216352   | 4055040
157   | blk.25.attn_qkv.weight              | 11   | 2     | 3072x9216       | 1206532992   | 1207271392   | 12165120
158   | blk.25.ffn_down.weight              | 11   | 2     | 8192x3072       | 1218698112   | 1219436512   | 10813440
159   | blk.25.ffn_norm.weight              | 0    | 1     | 3072            | 1229511552   | 1230249952   | 12288
160   | blk.25.ffn_up.weight                | 10   | 2     | 3072x16384      | 1229523840   | 1230262240   | 16515072
161   | blk.26.attn_norm.weight             | 0    | 1     | 3072            | 1246038912   | 1246777312   | 12288
162   | blk.26.attn_output.weight           | 11   | 2     | 3072x3072       | 1246051200   | 1246789600   | 4055040
163   | blk.26.attn_qkv.weight              | 11   | 2     | 3072x9216       | 1250106240   | 1250844640   | 12165120
164   | blk.26.ffn_down.weight              | 11   | 2     | 8192x3072       | 1262271360   | 1263009760   | 10813440
165   | blk.26.ffn_norm.weight              | 0    | 1     | 3072            | 1273084800   | 1273823200   | 12288
166   | blk.26.ffn_up.weight                | 10   | 2     | 3072x16384      | 1273097088   | 1273835488   | 16515072
167   | blk.27.attn_norm.weight             | 0    | 1     | 3072            | 1289612160   | 1290350560   | 12288
168   | blk.27.attn_output.weight           | 11   | 2     | 3072x3072       | 1289624448   | 1290362848   | 4055040
169   | blk.27.attn_qkv.weight              | 11   | 2     | 3072x9216       | 1293679488   | 1294417888   | 12165120
170   | blk.27.ffn_down.weight              | 11   | 2     | 8192x3072       | 1305844608   | 1306583008   | 10813440
171   | blk.27.ffn_norm.weight              | 0    | 1     | 3072            | 1316658048   | 1317396448   | 12288
172   | blk.27.ffn_up.weight                | 10   | 2     | 3072x16384      | 1316670336   | 1317408736   | 16515072
173   | blk.28.attn_norm.weight             | 0    | 1     | 3072            | 1333185408   | 1333923808   | 12288
174   | blk.28.attn_output.weight           | 11   | 2     | 3072x3072       | 1333197696   | 1333936096   | 4055040
175   | blk.28.attn_qkv.weight              | 11   | 2     | 3072x9216       | 1337252736   | 1337991136   | 12165120
176   | blk.28.ffn_down.weight              | 11   | 2     | 8192x3072       | 1349417856   | 1350156256   | 10813440
177   | blk.28.ffn_norm.weight              | 0    | 1     | 3072            | 1360231296   | 1360969696   | 12288
178   | blk.28.ffn_up.weight                | 10   | 2     | 3072x16384      | 1360243584   | 1360981984   | 16515072
179   | blk.29.attn_norm.weight             | 0    | 1     | 3072            | 1376758656   | 1377497056   | 12288
180   | blk.29.attn_output.weight           | 11   | 2     | 3072x3072       | 1376770944   | 1377509344   | 4055040
181   | blk.29.attn_qkv.weight              | 11   | 2     | 3072x9216       | 1380825984   | 1381564384   | 12165120
182   | blk.29.ffn_down.weight              | 11   | 2     | 8192x3072       | 1392991104   | 1393729504   | 10813440
183   | blk.29.ffn_norm.weight              | 0    | 1     | 3072            | 1403804544   | 1404542944   | 12288
184   | blk.29.ffn_up.weight                | 10   | 2     | 3072x16384      | 1403816832   | 1404555232   | 16515072
185   | blk.30.attn_norm.weight             | 0    | 1     | 3072            | 1420331904   | 1421070304   | 12288
186   | blk.30.attn_output.weight           | 11   | 2     | 3072x3072       | 1420344192   | 1421082592   | 4055040
187   | blk.30.attn_qkv.weight              | 11   | 2     | 3072x9216       | 1424399232   | 1425137632   | 12165120
188   | blk.30.ffn_down.weight              | 11   | 2     | 8192x3072       | 1436564352   | 1437302752   | 10813440
189   | blk.30.ffn_norm.weight              | 0    | 1     | 3072            | 1447377792   | 1448116192   | 12288
190   | blk.30.ffn_up.weight                | 10   | 2     | 3072x16384      | 1447390080   | 1448128480   | 16515072
191   | blk.31.attn_norm.weight             | 0    | 1     | 3072            | 1463905152   | 1464643552   | 12288
192   | blk.31.attn_output.weight           | 11   | 2     | 3072x3072       | 1463917440   | 1464655840   | 4055040
193   | blk.31.attn_qkv.weight              | 11   | 2     | 3072x9216       | 1467972480   | 1468710880   | 12165120
194   | blk.31.ffn_down.weight              | 11   | 2     | 8192x3072       | 1480137600   | 1480876000   | 10813440
195   | blk.31.ffn_norm.weight              | 0    | 1     | 3072            | 1490951040   | 1491689440   | 12288
196   | blk.31.ffn_up.weight                | 10   | 2     | 3072x16384      | 1490963328   | 1491701728   | Unknown
