timestamp,elapsed_s,ws_mb,pid_mb,handles,threads,cpu_s
10:16:09,60,14.2,10.2,157,2,0.02
10:17:09,120,14.2,10.2,157,2,0.02
10:18:09,180,14.2,10.2,157,2,0.02
10:19:09,240,14.2,10.2,157,2,0.02
10:20:09,300,14.4,10.3,157,4,0.02
10:21:09,360,14.4,10.3,157,4,0.02
10:22:09,420,14.4,10.2,157,2,0.02
10:23:09,480,14.4,10.2,157,2,0.02
10:24:09,540,14.4,10.2,157,2,0.02
10:25:09,600,14.4,10.3,157,4,0.02
10:26:09,660,14.4,10.3,157,4,0.02
10:27:09,720,14.4,10.2,157,2,0.02
10:28:09,780,14.4,10.2,157,2,0.02
10:29:09,840,14.4,10.2,157,2,0.02
10:30:09,900,14.4,10.2,157,2,0.02
10:31:09,960,14.4,10.2,157,2,0.02
10:32:09,1020,14.4,10.2,157,2,0.02
10:33:09,1080,14.4,10.2,157,2,0.02
10:34:09,1140,14.4,10.2,157,2,0.02
10:35:09,1200,14.4,10.2,157,2,0.02
10:36:09,1260,14.4,10.2,157,2,0.02
10:37:09,1320,14.4,10.2,157,2,0.02
10:38:09,1380,14.4,10.2,157,2,0.02
10:39:09,1440,14.4,10.2,157,2,0.02
10:40:09,1500,14.4,10.2,157,2,0.02
10:41:09,1560,14.4,10.2,157,2,0.02
10:42:09,1620,14.4,10.2,157,2,0.02
10:43:09,1680,14.4,10.2,157,2,0.02
10:44:09,1740,14.4,10.2,157,2,0.02
