# Generated tokens
# Count: 128
# Format: space-separated token IDs

12345 22318 291 10264 20237 30210 8183 18156 28129 6102
16075 26048 4021 13994 23967 1940 11913 21886 31859 9832
19805 29778 7751 17724 27697 5670 15643 25616 3589 13562
23535 1508 11481 21454 31427 9400 19373 29346 7319 17292
27265 5238 15211 25184 3157 13130 23103 1076 11049 21022
30995 8968 18941 28914 6887 16860 26833 4806 14779 24752
2725 12698 22671 644 10617 20590 30563 8536 18509 28482
6455 16428 26401 4374 14347 24320 2293 12266 22239 212
10185 20158 30131 8104 18077 28050 6023 15996 25969 3942
13915 23888 1861 11834 21807 31780 9753 19726 29699 7672
17645 27618 5591 15564 25537 3510 13483 23456 1429 11402
21375 31348 9321 19294 29267 7240 17213 27186 5159 15132
25105 3078 13051 23024 997 10970 20943 30916
